# Header: Project1::Cu-ETP-Test_200x_SN::All data::Grain Size   8/4/2021
# 
# Partition Formula: PCI[&]>0.100
# Grain Tolerance Angle: 12.00
# Minimum Grain Size: 2
# Minimum Confidence Index: 0.00
# Multiple Rows Requirement: On
# Column 1: Integer identifying grain
# Column 2-4: Average orientation (phi1, PHI, phi2) in degrees
# Column 5-7: Average orientation (phi1, PHI, phi2) in radians
# Column 8-9: Average Position (x, y) in microns
# Column 10: Average Image Quality (IQ)
# Column 11: Average Confidence Index (CI)
# Column 12: An integer identifying the phase
#           0 -  Copper
# Column 13: Edge grain (1) or interior grain (0)
# Column 14: Number of measurement points in the grain
# Column 15: Area of grain in square microns
# Column 16: Diameter of grain in microns
# Column 17: ASTM grain size
# Column 18: Aspect ratio of ellipse fit to grain
# Column 19: Length of major axis of ellipse fit to grain in microns
# Column 20: Length of minor axis of ellipse fit to grain in microns
# Column 21: Grain ellipticity
# Column 22: Grain circularity
# Column 23: Maximmum Feret diameter
# Column 24: Minimum Feret diameter
     2  123.532   51.654  234.89   2.15603   0.90153   4.09960    26.582    29.763 9198.8  0.802   0 1    158 3.421e+003     66.00      5.2 0.63     39.55     25.02 0.77   1.64     79.11     76.63 
     3  164.606    6.667  224.57   2.87291   0.11636   3.91957    61.313    23.491 8648.6  0.660   0 1     40 8.660e+002     33.21      7.2 0.43     26.46     11.43 0.90   0.50     52.92     31.10 
     4    4.782   41.663  332.62   0.08347   0.72715   5.80535    86.685    22.672 8930.3  0.759   0 1     89 1.927e+003     49.53      6.1 0.41     39.55     16.29 0.91   0.65     79.11     37.40 
     5  318.797   30.974   59.58   5.56405   0.54060   1.03987   144.648    14.600 9033.5  0.606   0 1     78 1.689e+003     46.37      6.3 0.64     28.98     18.61 0.77   1.26     57.95     36.49 
     6   48.586   13.820  295.57   0.84798   0.24121   5.15872   196.272    28.784 9541.9  0.847   0 1    173 3.746e+003     69.06      5.1 0.54     45.37     24.38 0.84   0.63     90.74     66.01 
     7   25.392   23.139  301.45   0.44318   0.40386   5.26124   242.857     6.598 9219.6  0.850   0 1     42 9.093e+002     34.03      7.1 0.28     31.46      8.72 0.96   0.90     62.92     21.79 
     8   63.820    8.875  307.51   1.11387   0.15490   5.36700   298.824     3.057 9168.3  0.810   0 1     17 3.681e+002     21.65      8.5 0.27     20.05      5.43 0.96   1.05     40.10     14.94 
     9  208.065    7.859  162.57   3.63141   0.13716   2.83739   357.266    38.983 9690.7  0.891   0 1    352 7.621e+003     98.51      4.1 0.58     61.76     35.92 0.81   0.81    123.52    103.59 
    10  181.617   32.976  215.99   3.16981   0.57555   3.76982   419.468    10.134 8448.7  0.558   0 1     47 1.018e+003     35.99      7.0 0.50     25.04     12.51 0.87   1.12     50.08     32.42 
    11  136.743   39.288  237.06   2.38661   0.68571   4.13743   470.615    33.993 9065.5  0.842   0 1    187 4.049e+003     71.80      5.0 0.60     44.46     26.85 0.80   0.77     88.93     61.92 
    12  123.625   34.488  230.36   2.15766   0.60192   4.02046   516.533    10.970 9856.0  0.809   0 1     75 1.624e+003     45.47      6.3 0.35     36.43     12.79 0.94   1.02     72.86     37.94 
    13  116.884   49.441  223.10   2.04000   0.86291   3.89391   587.849    17.891 8740.0  0.812   0 1    129 2.793e+003     59.63      5.5 0.49     42.16     20.80 0.87   1.00     84.31     56.58 
    14   51.673   51.524  319.26   0.90186   0.89926   5.57213   660.120    18.655 9276.2  0.837   0 1    146 3.161e+003     63.44      5.4 0.58     42.52     24.64 0.82   1.13     85.05     49.39 
    15  226.982   44.329  131.05   3.96158   0.77370   2.28733   734.381    28.841 10072.3  0.845   0 1    218 4.720e+003     77.52      4.8 0.63     46.79     29.63 0.77   0.94     93.59     80.35 
    16  162.623   43.698  234.46   2.83830   0.76267   4.09211   803.803    15.248 9020.8  0.782   0 1     94 2.035e+003     50.90      6.0 0.50     35.38     17.82 0.86   1.09     70.77     30.49 
    17   70.239   20.189  265.30   1.22590   0.35236   4.63042   836.466    37.677 8845.3  0.824   0 1     87 1.884e+003     48.97      6.1 0.40     39.29     15.53 0.92   1.05     78.58     37.56 
    18  324.320   14.272  355.46   5.66045   0.24909   6.20402   269.449    23.879 9300.5  0.850   0 0     68 1.472e+003     43.30      6.5 0.59     27.42     16.16 0.81   0.54     54.85     42.11 
    19  126.551   53.251  210.48   2.20874   0.92941   3.67355    99.300    60.968 8787.7  0.802   0 0    150 3.248e+003     64.30      5.3 0.41     51.38     21.08 0.91   0.42    102.75     33.78 
    20  173.258   38.002  142.71   3.02392   0.66326   2.49075   574.858    78.364 8896.3  0.800   0 0    596 1.290e+004    128.18      3.3 0.63     80.98     50.73 0.78   0.48    161.97    147.66 
    21   27.731    4.369  304.01   0.48399   0.07625   5.30590   299.818    60.098 9428.0  0.883   0 0    124 2.685e+003     58.47      5.6 0.58     37.53     21.74 0.82   0.52     75.06     62.50 
    22  168.204   39.131  155.40   2.93571   0.68296   2.71226   424.276    64.547 9151.7  0.860   0 0    107 2.317e+003     54.31      5.8 0.50     38.27     18.98 0.87   0.50     76.54     26.50 
    23   40.863   54.627  308.95   0.71320   0.95342   5.39217   796.385    81.806 9315.4  0.830   0 1    325 7.036e+003     94.65      4.2 0.62     60.02     37.14 0.79   0.61    120.03     88.38 
    24  352.682   12.961   49.31   6.15546   0.22621   0.86055   155.641   123.803 8992.0  0.733   0 0    406 8.790e+003    105.79      3.9 0.35     89.31     31.46 0.94   0.34    178.63     65.25 
    25   52.774   35.694  315.24   0.92108   0.62298   5.50199   211.883    84.001 9867.8  0.709   0 0    223 4.828e+003     78.40      4.7 0.54     55.30     29.84 0.84   0.47    110.60     55.59 
    26   21.999   34.938  293.23   0.38396   0.60978   5.11791   448.125    69.282 8522.0  0.687   0 0     24 5.196e+002     25.72      8.0 0.24     26.96      6.60 0.97   0.31     53.93     15.39 
    27   24.431   33.715  317.61   0.42641   0.58844   5.54330   708.098   102.984 9231.9  0.702   0 0    452 9.786e+003    111.62      3.7 0.44     83.27     36.71 0.90   0.39    166.53     90.14 
    28  116.231   12.031  240.64   2.02862   0.20997   4.19993   259.005   118.352 9156.0  0.773   0 0    289 6.257e+003     89.26      4.4 0.41     68.25     27.92 0.91   0.48    136.50     43.46 
    29   50.048   42.276  312.27   0.87351   0.73785   5.45013    61.000    57.158 8542.0  0.659   0 0      5 1.083e+002     11.74     10.2 0.63      7.64      4.82 0.78   0.64     15.28      7.56 
    30   55.758   29.655  291.67   0.97315   0.51759   5.09065    29.516   107.842 10090.2  0.885   0 1    284 6.149e+003     88.48      4.4 0.52     61.36     32.18 0.85   1.10    122.71     49.17 
    31  276.255    9.606   79.51   4.82156   0.16766   1.38763   390.707    97.012 9076.2  0.651   0 0     99 2.143e+003     52.24      5.9 0.70     31.46     22.07 0.71   0.53     62.92     47.60 
    32  123.456   47.016  223.15   2.15472   0.82058   3.89463   485.093    96.514 8852.2  0.742   0 0    135 2.923e+003     61.00      5.5 0.58     38.27     22.20 0.81   0.60     76.54     64.31 
    33  310.798   10.567   82.22   5.42446   0.18442   1.43500   322.189   146.562 9296.4  0.635   0 0    346 7.491e+003     97.66      4.1 0.50     68.02     33.90 0.87   0.46    136.05     61.22 
    34    8.784   41.860  333.79   0.15331   0.73059   5.82567    90.800   167.749 9133.0  0.723   0 0    519 1.124e+004    119.61      3.5 0.55     78.04     43.06 0.83   0.51    156.07     61.78 
    35  168.499   15.911  195.57   2.94087   0.27769   3.41329   441.361   121.715 9261.4  0.621   0 0    101 2.187e+003     52.77      5.9 0.65     31.66     20.48 0.76   0.60     63.31     51.30 
    36  287.038   39.823   44.88   5.00976   0.69505   0.78326   451.250    97.428 8463.7  0.702   0 0      2 4.330e+001      7.43     11.5 0.62      5.20      3.22 0.79   0.65     10.41      6.93 
    38   22.854   37.601  325.18   0.39888   0.65627   5.67548   844.063   127.558 8560.7  0.626   0 1     24 5.196e+002     25.72      8.0 0.35     21.65      7.69 0.93   1.16     43.30     17.50 
    39   42.986   56.050  325.29   0.75025   0.97826   5.67736   380.206   188.004 8833.3  0.735   0 0    376 8.141e+003    101.81      4.0 0.45     77.51     34.80 0.89   0.41    155.03     65.36 
    40  158.491   43.338  232.93   2.76619   0.75639   4.06537   701.447   207.238 9083.3  0.778   0 0   1244 2.693e+004    185.18      2.3 0.50    127.04     64.11 0.86   0.37    254.08    165.14 
    41  168.504   37.504  164.95   2.94096   0.65456   2.87886   823.975   141.900 9202.9  0.817   0 1     61 1.321e+003     41.01      6.6 0.31     40.65     12.72 0.95   0.38     81.29     27.34 
    42  343.127   44.348   43.02   5.98869   0.77402   0.75078   515.653   157.705 9224.5  0.795   0 0    226 4.893e+003     78.93      4.7 0.35     65.78     22.97 0.94   0.30    131.56     74.11 
    43  260.771   31.541  120.23   4.55132   0.55050   2.09839   813.027   166.140 8991.3  0.893   0 1    133 2.880e+003     60.55      5.5 0.33     51.01     16.76 0.94   0.45    102.02     33.32 
    44  235.745   17.849   90.97   4.11453   0.31153   1.58764   558.843   141.371 8955.8  0.717   0 0     54 1.169e+003     38.58      6.8 0.33     34.67     11.52 0.94   0.40     69.34     33.93 
    45   27.715   33.613  302.57   0.48371   0.58666   5.28092   209.745   182.727 9246.9  0.798   0 0    186 4.027e+003     71.61      5.0 0.57     46.93     26.95 0.82   0.56     93.85     46.98 
    46  122.230   44.747  197.61   2.13332   0.78098   3.44901   441.438   193.554 9599.3  0.851   0 0    306 6.625e+003     91.84      4.3 0.66     53.46     35.26 0.75   0.51    106.93     51.03 
    47  313.744   38.527   21.41   5.47587   0.67243   0.37365    17.687   205.902 9191.0  0.807   0 1    147 3.183e+003     63.66      5.3 0.48     48.56     23.28 0.88   1.01     97.13     28.68 
    48  344.266    7.418   16.89   6.00858   0.12947   0.29480   277.523   227.017 9281.0  0.694   0 0    330 7.145e+003     95.38      4.2 0.61     59.39     36.46 0.79   0.51    118.78     59.18 
    49  316.447   53.448   39.51   5.52304   0.93284   0.68961   583.486   282.181 9298.5  0.867   0 0   1020 2.208e+004    167.68      2.5 0.47    120.86     57.13 0.88   0.46    241.73    128.56 
    51  168.173   19.374  193.53   2.93518   0.33813   3.37769   510.469   214.522 8998.1  0.557   0 0     96 2.078e+003     51.44      6.0 0.59     33.57     19.77 0.81   0.49     67.14     34.82 
    52   90.219   36.693  286.62   1.57462   0.64041   5.00246   837.026   220.613 8363.9  0.784   0 1     58 1.256e+003     39.99      6.7 0.53     26.50     14.10 0.85   1.07     52.99     34.86 
    53   53.624    2.387  326.13   0.93591   0.04166   5.69212    45.714   230.390 9681.6  0.822   0 0     63 1.364e+003     41.67      6.6 0.63     26.50     16.77 0.77   0.54     52.99     34.86 
    54  198.752   16.952  194.42   3.46888   0.29586   3.39335   159.211   231.434 8725.9  0.753   0 0     76 1.645e+003     45.77      6.3 0.59     29.83     17.71 0.80   0.43     59.65     64.12 
    55  223.463    3.781  126.96   3.90016   0.06599   2.21594   214.851   255.197 9018.9  0.589   0 0    201 4.352e+003     74.44      4.9 0.46     53.87     24.74 0.89   0.44    107.74     48.96 
    56  135.255   34.063  219.65   2.36064   0.59451   3.83365   341.786   219.599 9007.8  0.697   0 0      7 1.516e+002     13.89      9.7 0.56      9.46      5.32 0.83   0.57     18.93      7.24 
    57  320.906   36.459   46.15   5.60086   0.63633   0.80542   125.234   262.920 9080.3  0.801   0 0    160 3.464e+003     66.41      5.2 0.63     40.41     25.54 0.78   0.54     80.83     65.36 
    58  153.583   39.100  173.25   2.68053   0.68243   3.02372   341.442   242.654 9580.1  0.818   0 0     26 5.629e+002     26.77      7.8 0.40     21.55      8.66 0.92   0.48     43.11     11.55 
    59  294.504   49.581   41.32   5.14006   0.86536   0.72110   485.439   281.987 9312.0  0.808   0 0    262 5.672e+003     84.98      4.5 0.54     57.68     31.33 0.84   0.48    115.36     47.23 
    60  227.677   59.539  137.80   3.97371   1.03915   2.40511    79.728   256.890 8819.9  0.657   0 0     46 9.959e+002     35.61      7.0 0.54     23.23     12.58 0.84   0.56     46.46     37.28 
    61  108.854   25.199  294.76   1.89986   0.43981   5.14448   311.868   282.910 8997.9  0.835   0 0    170 3.681e+003     68.46      5.1 0.60     43.90     26.38 0.80   0.53     87.80     43.98 
    62  164.787   11.553  168.02   2.87607   0.20164   2.93252   425.009   286.814 9398.9  0.809   0 0    266 5.759e+003     85.63      4.5 0.59     53.87     31.55 0.81   0.53    107.74     81.45 
    63   79.908    5.342  266.32   1.39466   0.09324   4.64823   806.667   294.077 9658.4  0.883   0 1    420 9.093e+003    107.60      3.8 0.66     64.24     42.43 0.75   1.06    128.48    123.91 
    64  344.686   37.832   33.86   6.01591   0.66029   0.59105   179.161   295.204 8974.7  0.758   0 0    149 3.226e+003     64.09      5.3 0.47     46.46     21.73 0.88   0.45     92.92     30.45 
    65   25.251   19.775  302.50   0.44072   0.34514   5.27956   636.944   258.364 8512.3  0.525   0 0      9 1.949e+002     15.75      9.4 0.30     14.22      4.27 0.95   0.43     28.43      7.11 
    66  131.105   53.515  204.44   2.28821   0.93402   3.56816    45.952   262.901 8747.5  0.658   0 0     42 9.093e+002     34.03      7.1 0.62     22.41     13.97 0.78   0.51     44.81     41.06 
    67   60.947   46.976  309.62   1.06373   0.81989   5.40384     1.250   257.643 7828.1  0.500   0 1      2 4.330e+001      7.43     11.5 0.60      5.20      3.10 0.80   1.33     10.41      3.47 
    68  147.106   19.055  194.59   2.56748   0.33258   3.39631    14.423   265.137 8941.2  0.652   0 1     26 5.629e+002     26.77      7.8 0.59     16.65      9.83 0.81   0.59     33.29     28.61 
    69  275.648   21.731   96.14   4.81096   0.37927   1.67792   353.500   265.004 7951.8  0.470   0 0     10 2.165e+002     16.60      9.2 0.50     12.58      6.30 0.87   0.48     25.17     10.90 
    70   18.213   40.341  325.99   0.31788   0.70408   5.68957   363.949   305.028 8937.7  0.722   0 0    176 3.811e+003     69.65      5.1 0.58     44.18     25.44 0.82   0.55     88.36     35.77 
    71   61.879   46.807  309.02   1.07999   0.81694   5.39341     1.250   270.633 7335.8  0.352   0 1      2 4.330e+001      7.43     11.5 0.60      5.20      3.10 0.80   1.33     10.41      3.47 
    72   61.753   47.023  308.96   1.07780   0.82070   5.39240    12.833   283.190 8856.1  0.719   0 1     15 3.248e+002     20.33      8.6 0.27     19.84      5.27 0.96   0.38     39.69     13.64 
    73   52.401   50.219  310.81   0.91458   0.87649   5.42459    81.118   284.307 8818.0  0.774   0 0     38 8.227e+002     32.37      7.3 0.56     21.55     12.11 0.83   0.54     43.11     34.65 
    74  214.607   17.503  172.19   3.74561   0.30549   3.00522    49.792   281.819 8535.8  0.608   0 0     12 2.598e+002     18.19      9.0 0.28     18.09      5.05 0.96   0.34     36.17     17.36 
    76  307.217   44.947   50.35   5.36194   0.78447   0.87870    30.890   322.605 10033.5  0.914   0 1    205 4.438e+003     75.17      4.9 0.67     45.44     30.49 0.74   0.79     90.88     80.37 
    77  342.404   27.760  340.29   5.97607   0.48450   5.93914   246.631   308.503 7846.5  0.594   0 0    118 2.555e+003     57.03      5.7 0.51     35.56     18.16 0.86   0.26     71.12     60.88 
    78  147.072   18.684  194.33   2.56690   0.32610   3.39164     5.000   294.449 7260.5  0.603   0 1      3 6.495e+001      9.09     11.0 0.45      7.64      3.46 0.89   0.50     15.28      6.61 
    79  113.580   54.170  218.73   1.98235   0.94544   3.81758    94.382   345.247 8894.3  0.738   0 0    279 6.041e+003     87.70      4.4 0.55     59.65     33.06 0.83   0.46    119.30     44.52 
    80  187.916   44.793  214.44   3.27975   0.78179   3.74262   736.433   370.780 8957.2  0.858   0 1    836 1.810e+004    151.81      2.8 0.35    124.53     43.69 0.94   0.41    249.06     93.53 
    82  196.361   17.143  195.79   3.42714   0.29919   3.41723   142.115   315.567 8797.2  0.682   0 0     65 1.407e+003     42.33      6.5 0.66     25.04     16.55 0.75   0.63     50.08     44.67 
    83   74.117   21.284  256.55   1.29359   0.37148   4.47764   736.154   308.438 8406.5  0.838   0 0     26 5.629e+002     26.77      7.8 0.41     20.82      8.55 0.91   0.40     41.63     27.04 
    84  141.174    2.910  223.94   2.46396   0.05080   3.90841   296.170   402.310 9697.2  0.813   0 0    684 1.481e+004    137.32      3.1 0.42    106.78     45.02 0.91   0.31    213.56    170.99 
    85  342.182   41.490   58.01   5.97221   0.72413   1.01244   319.476   335.445 9124.4  0.772   0 0     62 1.342e+003     41.34      6.6 0.47     28.98     13.74 0.88   0.56     57.95     42.96 
    86   17.041   32.559  311.43   0.29742   0.56827   5.43556   218.599   369.440 8814.9  0.824   0 0    248 5.369e+003     82.68      4.6 0.64     50.27     32.26 0.77   0.54    100.54     45.37 
    87   12.986   43.732  320.32   0.22664   0.76327   5.59058   507.278   378.449 8627.7  0.708   0 0    406 8.790e+003    105.79      3.9 0.73     59.28     43.40 0.68   0.54    118.57    121.31 
    88  315.743   52.403   29.25   5.51075   0.91460   0.51049   391.289   369.760 9053.5  0.821   0 0    130 2.815e+003     59.86      5.5 0.44     44.18     19.65 0.90   0.46     88.36     27.93 
    89  195.574   32.609  208.39   3.41340   0.56914   3.63704   436.117   369.392 8246.3  0.622   0 0    179 3.875e+003     70.25      5.1 0.56     46.12     25.71 0.83   0.50     92.24     42.33 
    90  358.684   41.116  330.65   6.26022   0.71760   5.77100   156.239   392.776 8883.2  0.819   0 0    349 7.556e+003     98.09      4.1 0.62     61.05     37.94 0.78   0.55    122.10     58.69 
    91  271.835   23.033  101.96   4.74441   0.40200   1.77960   817.575   360.558 8821.6  0.780   0 1    101 2.187e+003     52.77      5.9 0.30     50.52     15.23 0.95   0.45    101.04     52.50 
    92  181.540   14.294  198.02   3.16846   0.24947   3.45610    56.250   373.937 9576.5  0.778   0 0     56 1.212e+003     39.29      6.7 0.61     25.04     15.25 0.79   0.54     50.08     26.37 
    93   63.395   42.459  323.35   1.10645   0.74104   5.64352    19.306   393.389 9513.8  0.785   0 1    126 2.728e+003     58.94      5.6 0.49     40.65     19.91 0.87   1.07     81.29     41.64 
    94  153.156   43.525  228.39   2.67307   0.75966   3.98621   584.179   436.204 8977.6  0.820   0 0    441 9.548e+003    110.26      3.8 0.67     63.85     42.86 0.74   0.58    127.70    115.12 
    95  199.701   30.799  189.61   3.48543   0.53754   3.30931   671.975   418.079 9175.5  0.748   0 0    176 3.811e+003     69.65      5.1 0.50     48.76     24.21 0.87   0.49     97.51     56.84 
    96  233.273   57.090  146.18   4.07139   0.99641   2.55137    79.120   446.857 8988.7  0.831   0 0    395 8.552e+003    104.35      3.9 0.68     60.48     41.31 0.73   0.57    120.97    101.78 
    97   35.734   49.118  340.75   0.62368   0.85727   5.94722   409.318   435.856 8537.2  0.653   0 0     99 2.143e+003     52.24      5.9 0.59     33.29     19.70 0.81   0.51     66.58     27.53 
    98  149.224   25.960  172.38   2.60446   0.45308   3.00854   450.070   441.147 9225.6  0.789   0 0    107 2.317e+003     54.31      5.8 0.55     35.47     19.55 0.83   0.52     70.95     56.35 
    99  206.914   47.401  130.93   3.61132   0.82731   2.28521   378.854   430.306 9244.0  0.723   0 0     24 5.196e+002     25.72      8.0 0.52     17.56      9.19 0.85   0.54     35.12     23.43 
   100  341.527   35.088   63.36   5.96078   0.61240   1.10582   216.974   440.876 8692.3  0.766   0 0     76 1.645e+003     45.77      6.3 0.65     28.10     18.35 0.76   0.57     56.20     30.82 
   101  307.978   52.487   59.34   5.37522   0.91606   1.03570   491.344   444.905 9390.8  0.814   0 0     67 1.451e+003     42.98      6.5 0.51     31.06     15.96 0.86   0.45     62.12     36.13 
   102  207.353   14.293  110.42   3.61899   0.24945   1.92725   300.804   503.963 9235.7  0.658   0 0    566 1.225e+004    124.91      3.4 0.59     85.38     50.22 0.81   0.48    170.76    116.52 
   103  208.948    6.973  135.84   3.64683   0.12171   2.37094   763.463   462.866 8923.4  0.758   0 1    265 5.737e+003     85.47      4.5 0.34     71.34     24.36 0.94   0.34    142.68     78.75 
   104  190.419   46.698  195.28   3.32345   0.81503   3.40833    24.384   504.774 8586.1  0.630   0 1    276 5.976e+003     87.23      4.4 0.34     70.90     24.15 0.94   0.66    141.80     73.39 
   105    3.099   34.339   31.52   0.05408   0.59933   0.55008   814.294   443.462 8968.7  0.783   0 1     46 9.959e+002     35.61      7.0 0.27     33.94      9.33 0.96   0.39     67.88     24.03 
   106    1.210   18.633   33.72   0.02111   0.32521   0.58849   171.229   486.841 9190.9  0.789   0 0    297 6.430e+003     90.48      4.3 0.72     51.01     36.90 0.69   0.56    102.02     50.72 
   107  144.941   47.686  207.16   2.52970   0.83228   3.61567   679.554   474.536 8827.9  0.679   0 0    207 4.482e+003     75.54      4.8 0.61     48.76     29.56 0.80   0.52     97.51     65.94 
   108  131.835   38.197  235.03   2.30096   0.66666   4.10210   372.810   493.853 9557.3  0.709   0 0    218 4.720e+003     77.52      4.8 0.53     51.50     27.05 0.85   0.53    103.00     33.00 
   109   57.570   54.207  316.53   1.00478   0.94608   5.52457   519.728   495.265 9294.2  0.817   0 0    239 5.175e+003     81.17      4.6 0.51     55.36     28.11 0.86   0.49    110.72     86.50 
   110    3.029   34.122   31.69   0.05287   0.59553   0.55318   829.589   495.714 8970.8  0.780   0 1    152 3.291e+003     64.73      5.3 0.49     44.46     21.95 0.87   0.96     88.93     58.67 
   111  183.138   23.596  152.10   3.19636   0.41183   2.65469   439.209   504.030 9037.8  0.591   0 0    237 5.131e+003     80.83      4.7 0.66     47.85     31.63 0.75   0.54     95.70    102.79 
   112  322.561   48.062   68.98   5.62975   0.83885   1.20393   624.639   503.491 8961.8  0.843   0 0    152 3.291e+003     64.73      5.3 0.54     42.01     22.67 0.84   0.59     84.01     62.36 
   113   44.050   41.353  283.79   0.76882   0.72175   4.95307   726.525   505.780 8748.5  0.619   0 0     41 8.877e+002     33.62      7.2 0.51     23.23     11.91 0.86   0.50     46.46     34.49 
   114   26.704   50.662  314.56   0.46607   0.88423   5.49017   121.048   530.441 8961.0  0.799   0 0    124 2.685e+003     58.47      5.6 0.52     40.18     20.85 0.85   0.48     80.36     36.37 
   115  124.929   27.384  199.28   2.18041   0.47794   3.47804   576.008   514.768 9059.1  0.791   0 0     67 1.451e+003     42.98      6.5 0.53     29.30     15.41 0.85   0.53     58.59     41.63 
   116   61.820   26.803  331.25   1.07896   0.46781   5.78138    78.882   525.199 9533.7  0.599   0 0    114 2.468e+003     56.06      5.7 0.44     38.84     17.13 0.90   0.32     77.67     55.75 
   117  126.736   34.699  267.32   2.21196   0.60562   4.66568   778.630   538.323 9141.7  0.816   0 1    281 6.084e+003     88.01      4.4 0.35     76.87     26.80 0.94   0.30    153.73     93.98 
   118   33.170   37.901  319.03   0.57892   0.66149   5.56815   220.967   542.439 9015.3  0.781   0 0    181 3.919e+003     70.64      5.0 0.59     44.46     26.30 0.81   0.55     88.93     47.56 
   119   24.325   10.377  303.79   0.42455   0.18111   5.30206   679.147   527.614 9028.6  0.784   0 0     85 1.840e+003     48.41      6.1 0.47     35.03     16.58 0.88   0.51     70.06     40.17 
   120   43.637   45.194  317.89   0.76162   0.78879   5.54818   499.183   545.291 8794.8  0.741   0 0    156 3.377e+003     65.58      5.3 0.51     45.37     23.35 0.86   0.49     90.74     57.27 
   121  123.461   45.264  259.87   2.15480   0.79001   4.53553   389.492   556.385 9228.2  0.821   0 0    118 2.555e+003     57.03      5.7 0.61     35.47     21.81 0.79   0.57     70.95     43.13 
   122  146.177   33.897  231.83   2.55127   0.59161   4.04624   345.156   556.963 8873.2  0.610   0 0     64 1.386e+003     42.00      6.5 0.58     26.73     15.43 0.82   0.51     53.46     49.68 
   123  187.059   40.512  140.38   3.26480   0.70706   2.45005   597.112   588.611 9325.7  0.823   0 0    560 1.212e+004    124.25      3.4 0.74     69.48     51.32 0.67   0.54    138.95    135.19 
   124   27.832   40.576  335.68   0.48576   0.70819   5.85879   156.465   616.677 8765.3  0.778   0 0    715 1.548e+004    140.39      3.1 0.70     81.64     56.85 0.72   0.51    163.27    116.51 
   125  206.581   43.875  164.00   3.60551   0.76576   2.86234   834.387   553.358 9184.5  0.799   0 1     53 1.147e+003     38.22      6.8 0.55     27.42     15.04 0.84   0.89     54.85     46.45 
   126  167.697   38.592  215.55   2.92687   0.67355   3.76206   749.551   603.808 9055.6  0.796   0 1    812 1.758e+004    149.61      2.9 0.39    115.71     45.66 0.92   0.57    231.43    121.62 
   128  330.951   28.410   16.42   5.77618   0.49584   0.28650   433.490   583.079 9450.1  0.674   0 0    192 4.157e+003     72.75      5.0 0.61     45.37     27.78 0.79   0.56     90.74     33.09 
   130  111.448   33.049  224.96   1.94513   0.57681   3.92637    41.759   567.247 9588.7  0.845   0 0     27 5.846e+002     27.28      7.8 0.44     20.36      9.02 0.90   0.50     40.72     24.28 
   131   45.657   50.316  309.27   0.79687   0.87817   5.39785    80.893   576.393 8833.2  0.800   0 0     98 2.122e+003     51.98      5.9 0.71     30.55     21.65 0.71   0.58     61.10     53.86 
   132  140.196   37.451  217.57   2.44689   0.65364   3.79736     7.823   595.742 8568.9  0.738   0 1     62 1.342e+003     41.34      6.6 0.22     44.04      9.89 0.97   0.56     88.08     19.58 
   133   41.973   14.260  355.45   0.73256   0.24888   6.20377   263.137   613.110 10011.2  0.823   0 0    267 5.781e+003     85.79      4.5 0.64     51.01     32.64 0.77   0.52    102.02     49.52 
   134  183.136   27.882  214.82   3.19632   0.48663   3.74927   499.380   608.255 8403.1  0.621   0 0    270 5.846e+003     86.27      4.5 0.72     50.76     36.30 0.70   0.48    101.53     94.47 
   135  152.867   23.417  247.77   2.66802   0.40871   4.32449   344.123   643.083 9165.0  0.746   0 0    567 1.228e+004    125.02      3.4 0.71     71.87     50.98 0.70   0.54    143.73     81.94 
   136   13.346   25.288    3.30   0.23294   0.44136   0.05764    49.799   648.579 9649.3  0.845   0 0    410 8.877e+003    106.31      3.9 0.48     76.09     36.25 0.88   0.47    152.18     81.14 
   138   43.317   14.363  295.44   0.75603   0.25069   5.15633   455.991   672.367 9811.8  0.829   0 0    275 5.954e+003     87.07      4.4 0.55     58.65     32.04 0.84   0.50    117.30     55.13 
   139  165.246   37.294  216.99   2.88408   0.65090   3.78717   413.598   756.731 8969.2  0.739   0 0    665 1.440e+004    135.39      3.2 0.32    117.80     37.94 0.95   0.35    235.60     60.90 
   140  326.164   36.759   59.98   5.69264   0.64156   1.04687   548.363   690.545 8714.1  0.805   0 0    432 9.353e+003    109.13      3.8 0.60     67.65     40.51 0.80   0.52    135.31     59.63 
   141   71.161   27.332  306.87   1.24199   0.47704   5.35583   656.506   647.403 8822.2  0.816   0 0     88 1.905e+003     49.25      6.1 0.61     30.55     18.65 0.79   0.55     61.10     51.03 
   142   78.058   41.335  289.19   1.36236   0.72143   5.04734   766.489   704.334 9568.0  0.869   0 1    759 1.643e+004    144.65      3.0 0.48    102.05     49.05 0.88   0.47    204.10     89.14 
   143  321.460   15.484   76.10   5.61053   0.27026   1.32821     7.704   675.942 8697.5  0.731   0 1     49 1.061e+003     36.75      6.9 0.38     31.66     12.16 0.92   1.05     63.31     19.61 
   144  293.669   15.791   31.40   5.12549   0.27560   0.54807   243.756   689.325 9126.3  0.724   0 0    213 4.612e+003     76.63      4.8 0.68     46.79     31.66 0.74   0.50     93.59     63.62 
   145  249.492   38.056  154.81   4.35445   0.66421   2.70191   639.079   699.884 9416.1  0.758   0 0    301 6.517e+003     91.09      4.3 0.56     59.28     33.17 0.83   0.44    118.57     86.13 
   147  101.136   19.700  244.04   1.76515   0.34383   4.25924   195.643   696.904 8688.3  0.743   0 0    105 2.273e+003     53.80      5.8 0.51     36.43     18.58 0.86   0.49     72.86     34.07 
   151  200.835   47.257  154.43   3.50523   0.82479   2.69531    93.229   717.839 8760.5  0.700   0 0    144 3.118e+003     63.00      5.4 0.59     39.87     23.57 0.81   0.53     79.74     41.81 
   153  328.344   35.867   53.71   5.73069   0.62599   0.93743   144.776   717.065 8889.3  0.732   0 0    167 3.616e+003     67.85      5.2 0.63     41.41     26.26 0.77   0.52     82.82     92.29 
   154  242.796   13.620  104.98   4.23759   0.23771   1.83231   289.441   726.550 8921.8  0.681   0 0    152 3.291e+003     64.73      5.3 0.50     44.18     21.92 0.87   0.52     88.36     30.06 
   155  113.125   44.761  213.77   1.97440   0.78122   3.73105   490.000   720.905 9046.0  0.744   0 0     70 1.516e+003     43.93      6.4 0.48     32.53     15.74 0.88   0.42     65.06     28.84 
   157  219.128    8.000   96.60   3.82451   0.13962   1.68605   844.375   713.389 8968.0  0.773   0 1     16 3.464e+002     21.00      8.5 0.58     14.22      8.26 0.81   1.31     28.43     11.68 
   158  204.073   48.539  142.87   3.56174   0.84716   2.49356    17.934   737.339 9426.0  0.801   0 1    121 2.620e+003     57.75      5.6 0.64     38.27     24.60 0.77   1.13     76.54     62.51 
   159  200.849   29.300  130.73   3.50547   0.51138   2.28171   331.642   766.841 8608.0  0.661   0 0    361 7.816e+003     99.76      4.0 0.43     74.89     32.45 0.90   0.41    149.78     52.71 
   160  205.061   21.261  164.91   3.57899   0.37108   2.87829   185.382   778.870 9050.3  0.633   0 0    321 6.950e+003     94.07      4.2 0.59     65.26     38.62 0.81   0.47    130.51     61.16 
   161  236.944   56.323  138.37   4.13545   0.98302   2.41494   770.523   781.306 8622.0  0.780   0 1    292 6.322e+003     89.72      4.4 0.23    103.24     23.96 0.97   0.24    206.48     56.90 
   162  226.398   25.171  176.33   3.95139   0.43932   3.07759    62.629   746.947 9182.1  0.757   0 0     58 1.256e+003     39.99      6.7 0.39     32.24     12.60 0.92   0.41     64.49     38.05 
   163   99.038   38.783  298.57   1.72854   0.67689   5.21095   606.635   747.613 9696.4  0.823   0 0    104 2.252e+003     53.54      5.8 0.55     36.43     19.90 0.84   0.48     72.86     54.78 
   164  237.512   27.943  154.33   4.14537   0.48770   2.69352   846.000   741.318 8713.9  0.540   0 1     15 3.248e+002     20.33      8.6 0.45     16.07      7.24 0.89   1.22     32.15      7.18 
   166   65.271    8.120  287.14   1.13920   0.14172   5.01153   250.633   773.248 9532.1  0.832   0 0    162 3.507e+003     66.83      5.2 0.68     39.55     26.87 0.73   0.55     79.11     40.14 
   167  183.344   43.264  134.30   3.19995   0.75510   2.34402   496.326   788.739 8835.5  0.683   0 0    264 5.716e+003     85.31      4.5 0.61     53.40     32.76 0.79   0.51    106.81     47.30 
   168   61.448   46.343  331.16   1.07247   0.80884   5.77985   548.702   786.971 9021.1  0.783   0 0    183 3.962e+003     71.03      5.0 0.51     54.33     27.51 0.86   0.36    108.67     57.31 
   169  144.775   39.472  222.62   2.52681   0.68892   3.88541   122.129   789.989 8991.2  0.746   0 0    175 3.789e+003     69.46      5.1 0.46     50.77     23.48 0.89   0.42    101.53     43.36 
   170   29.757   36.845  299.04   0.51935   0.64307   5.21928   671.435   774.822 9065.7  0.827   0 0    176 3.811e+003     69.65      5.1 0.58     44.46     25.64 0.82   0.57     88.93     63.30 
   171  314.534   43.464   61.03   5.48966   0.75859   1.06513    57.211   773.498 8694.7  0.776   0 0     95 2.057e+003     51.17      6.0 0.44     38.92     17.31 0.90   0.46     77.84     43.95 
   172  116.500   45.352  233.96   2.03331   0.79155   4.08339   848.750   759.937 7791.1  0.655   0 1      2 4.330e+001      7.43     11.5 0.76      4.33      3.28 0.65   1.81      8.66      2.50 
   173   54.945   27.183  340.81   0.95897   0.47443   5.94819   845.000   769.680 8164.2  0.708   0 1      8 1.732e+002     14.85      9.5 0.59      9.46      5.59 0.81   1.02     18.93      7.24 
   174  213.024   45.727  151.07   3.71797   0.79809   2.63664   614.088   822.619 8783.5  0.680   0 0    370 8.011e+003    100.99      4.0 0.71     58.65     41.50 0.71   0.50    117.30    103.73 
   175  253.809   47.571  121.20   4.42981   0.83027   2.11525     7.564   801.185 8703.7  0.684   0 1     39 8.444e+002     32.79      7.3 0.36     28.87     10.50 0.93   0.98     57.74     22.50 
   176   69.794   14.929  301.91   1.21814   0.26057   5.26934   749.850   798.883 9343.0  0.622   0 0     83 1.797e+003     47.83      6.2 0.25     48.50     11.92 0.97   0.28     97.00     29.98 
   179  358.861   29.286    9.26   6.26330   0.51114   0.16153    25.119   789.939 8657.5  0.622   0 0     21 4.547e+002     24.06      8.1 0.53     16.65      8.84 0.85   0.53     33.29     19.94 
   180   65.045   15.299  306.66   1.13525   0.26702   5.35226   838.611   786.640 8439.2  0.605   0 1     18 3.897e+002     22.28      8.4 0.46     15.88      7.26 0.89   0.51     31.75     20.00 
   182  216.171   45.262  105.95   3.77290   0.78997   1.84926    58.764   815.500 9124.1  0.794   0 0    184 3.984e+003     71.22      5.0 0.39     55.75     21.59 0.92   0.38    111.50     58.12 
   183  339.945   30.868   45.25   5.93317   0.53876   0.78983   222.255   836.198 8602.9  0.612   0 0    143 3.096e+003     62.79      5.4 0.61     40.41     24.49 0.80   0.55     80.83     47.14 
   184  144.310   38.839  241.77   2.51868   0.67787   4.21969   343.756   869.949 8969.0  0.816   0 1    416 9.007e+003    107.09      3.8 0.56     72.63     41.00 0.83   0.49    145.26     67.07 
   185  231.669   60.933  141.76   4.04339   1.06347   2.47413   743.075   835.382 9133.6  0.833   0 1    326 7.058e+003     94.80      4.2 0.26     95.93     25.13 0.97   0.27    191.85     72.94 
   186  309.474    6.325   63.99   5.40134   0.11039   1.11685   274.700   855.767 8806.5  0.623   0 1    233 5.045e+003     80.14      4.7 0.43     63.10     26.88 0.90   0.38    126.19     80.41 
   187  131.625   26.112  258.46   2.29728   0.45574   4.51101   670.000   806.641 8204.8  0.525   0 0      7 1.516e+002     13.89      9.7 0.37     12.58      4.71 0.93   0.40     25.17     11.47 
   188   66.986   28.135  290.31   1.16912   0.49104   5.06680   662.500   821.858 8257.2  0.281   0 0      5 1.083e+002     11.74     10.2 0.41      9.46      3.89 0.91   0.50     18.93     10.29 
   189  298.563   15.817   74.70   5.21091   0.27607   1.30377   157.758   863.460 8470.2  0.604   0 0    184 3.984e+003     71.22      5.0 0.61     44.04     27.07 0.79   0.53     88.08     46.46 
   190  313.841   17.452   20.33   5.47756   0.30459   0.35478   465.164   872.009 8766.8  0.631   0 1    275 5.954e+003     87.07      4.4 0.61     54.83     33.36 0.79   0.66    109.66     62.19 
   191   88.185   11.607  280.85   1.53911   0.20258   4.90167   815.500   830.518 8143.7  0.612   0 0      5 1.083e+002     11.74     10.2 0.28     11.55      3.27 0.96   0.34     23.09     10.00 
   192  352.307   41.786  328.26   6.14891   0.72931   5.72928    97.966   879.047 8680.4  0.802   0 1    279 6.041e+003     87.70      4.4 0.52     57.35     29.78 0.85   0.69    114.71     91.79 
   193   13.169   43.744  320.95   0.22985   0.76347   5.60167    30.231   883.092 8058.1  0.538   0 1    238 5.153e+003     81.00      4.6 0.50     58.38     29.43 0.86   0.86    116.76     93.95 
   194  135.310   41.596  224.18   2.36161   0.72599   3.91260   547.356   883.867 9098.1  0.843   0 1    399 8.639e+003    104.88      3.9 0.69     63.71     43.85 0.73   0.95    127.41    108.30 
   196  350.479   33.903   41.25   6.11700   0.59173   0.72002   740.600   885.080 8990.0  0.754   0 0    250 5.413e+003     83.02      4.6 0.20     92.27     18.86 0.98   0.24    184.55     51.54 
   197   88.143   12.004  281.34   1.53838   0.20951   4.91031   842.500   848.705 8524.6  0.363   0 1      4 8.660e+001     10.50     10.5 0.34      9.46      3.23 0.94   0.40     18.93      7.24 
   198   93.018   11.570  276.32   1.62346   0.20193   4.82272   815.308   875.952 9162.1  0.644   0 1    130 2.815e+003     59.86      5.5 0.47     46.26     21.54 0.88   0.46     92.51     74.58 
   199   12.349   42.349  334.13   0.21552   0.73912   5.83161   410.364   898.567 8746.1  0.731   0 1    165 3.572e+003     67.44      5.2 0.56     42.89     24.16 0.83   0.91     85.78     74.71 
   200  231.445   54.546  129.60   4.03948   0.95201   2.26189   677.448   898.231 9391.8  0.857   0 1    240 5.196e+003     81.34      4.6 0.18     91.18     16.46 0.98   0.50    182.37     64.94 
   201   26.659   42.767  301.15   0.46530   0.74642   5.25612   223.469   894.599 8734.4  0.835   0 1    147 3.183e+003     63.66      5.3 0.49     43.04     21.17 0.87   0.85     86.07     51.57 
   202  136.844   18.478  228.98   2.38837   0.32251   3.99654   177.576   909.458 9003.1  0.709   0 1     66 1.429e+003     42.65      6.5 0.77     28.98     22.29 0.64   0.90     57.95     43.34 
   203  278.666   21.683   83.50   4.86363   0.37844   1.45730    60.893   899.120 7543.9  0.600   0 0     14 3.031e+002     19.65      8.7 0.58     12.58      7.32 0.81   0.58     25.17     19.50 
   204    5.849   44.734  315.04   0.10209   0.78076   5.49844   623.617   913.933 8642.8  0.634   0 1     47 1.018e+003     35.99      7.0 0.37     28.98     10.58 0.93   1.01     57.95     32.25 
   205  349.839   11.553   35.36   6.10585   0.20164   0.61709   264.107   910.873 8372.4  0.712   0 1     28 6.062e+002     27.78      7.7 0.60     16.65      9.95 0.80   0.75     33.29     28.61 
   206  208.377   19.723  126.81   3.63686   0.34423   2.21320   820.000   917.987 8239.4  0.564   0 1     38 8.227e+002     32.37      7.3 0.20     36.43      7.19 0.98   0.78     72.86     11.79 
   207   31.741   50.571  317.52   0.55398   0.88262   5.54171   139.750   919.286 8705.2  0.780   0 1     10 2.165e+002     16.60      9.2 0.38     13.77      5.19 0.93   0.90     27.54     14.94 
